web端	f1c624710ca5e04f8431d0855e0138b9	a381d6e71abb849791b90ccf6833bbf4	Web端	设置删除


118.716201,30.908126
118.719479,30.907173
118.721565,30.906561
118.725197,30.909686
118.749262,30.930478
118.750217,30.930653

[[118.716201,30.908126],[118.719479,30.907173], [118.721565,30.906561],[118.725197,30.909686], [118.749262,30.930478],[118.750217,30.930653]]

[[116.478935, 39.997761], [116.478939, 39.997825],
                [116.478912, 39.998549], [116.478912, 39.998549], [116.478998, 39.998555],
                [116.478998, 39.998555], [116.479282, 39.99856], [116.479658, 39.998528],
                [116.480151, 39.998453], [116.480784, 39.998302], [116.480784, 39.998302],
                [116.481149, 39.998184], [116.481573, 39.997997], [116.481863, 39.997846],
                [116.482072, 39.997718], [116.482362, 39.997718], [116.483633, 39.998935],
                [116.48367, 39.998968], [116.484648, 39.999861]]